.Random.seed <-
c(403L, 10L, 605096425L, 702484152L, -1925736090L, 1448991233L, 
-1785572205L, -746524862L, -1956257548L, -476422921L, 1726043373L, 
1941137284L, -23340630L, 1664433941L, -1110893137L, 498181558L, 
1194703840L, 1727501091L, 1002542145L, -897317072L, -188603058L, 
-466868295L, 1515184587L, -605240710L, 1260750716L, 359450559L, 
-1788178283L, 1959206572L, -1452921726L, -1695769507L, 359531351L, 
-1763459522L, 2075292280L, -1387716261L, 1527148729L, 2115723528L, 
-971328586L, -1926352655L, -828537053L, 1543471474L, -1195568188L, 
-988323961L, 414115165L, 527047508L, -715202182L, -1939608379L, 
-493990369L, -1896724058L, 1548389168L, -23344685L, 1831055345L, 
854538528L, 2141104062L, -1144592439L, 1807116155L, -1089618614L, 
-1210902100L, -1972087633L, -1559302555L, -1915013604L, 1665296498L, 
852086509L, 353620775L, -356004018L, -1772640344L, -574319701L, 
1501122761L, 1757386968L, 485320070L, 993221729L, 1527500275L, 
570494050L, 622316244L, 1218698199L, 2055811533L, 677905764L, 
199700810L, -2011457355L, 123236367L, 1284614422L, -1434512448L, 
444202883L, 2099178913L, -61976176L, 684653166L, 731118617L, 
-1702395733L, 2041922714L, 1453593692L, 2030088543L, 2103702325L, 
937432780L, -1336892382L, -1189497219L, -1812731017L, 909714590L, 
759759704L, -581196101L, -2073360295L, 1593195496L, 1875516950L, 
204480913L, 1495619L, 822989138L, 1481139684L, -726242265L, 1544894589L, 
1427072372L, 434014554L, -32366683L, 880377791L, 486347846L, 
-195685680L, 860716275L, 530913809L, -573768640L, 2109419550L, 
47558377L, -136246245L, 269141034L, -454387892L, 122055951L, 
1762988101L, 2098133500L, -1981147054L, -1709940275L, -536247417L, 
1056401006L, -250042808L, -1976123317L, 485427625L, 281847032L, 
1626083366L, -1906843327L, -51585325L, 1012139650L, -146600780L, 
534524983L, -1591511251L, -1085672380L, 801044842L, 2143606229L, 
-1226067089L, -1018287498L, 718458272L, -1547912605L, 1900210945L, 
-1622670736L, -1528431090L, -786065799L, -2099650037L, 653105978L, 
-1000259012L, 2098266495L, -1505195307L, -155874580L, 1975450690L, 
-1746381923L, -1350407657L, 147468158L, -1399194312L, 156514843L, 
1347789689L, -1834576440L, 1635895798L, -908493775L, -58556829L, 
-1101823438L, 1766657924L, 1327275463L, -1452608355L, -24120300L, 
-729345350L, 499741445L, -105084705L, -25464474L, -1155418896L, 
-732807149L, -1835407951L, 1200939104L, 61976062L, -1559610999L, 
-1467871557L, -734246262L, 1891710316L, -1716219153L, 528026917L, 
-1631970340L, 1548122546L, 227670189L, -1701926809L, 1797848974L, 
-1838176152L, 1983509611L, 395615753L, -766975848L, 588549062L, 
2145369889L, -101053517L, -1161190622L, -1954417388L, -825215593L, 
-1967551091L, 1356434596L, -1383027062L, -213293835L, -839181489L, 
-311516074L, -1244322048L, 328213059L, 306674145L, -1086644912L, 
-1221569618L, 1857278297L, -579203221L, -1017708838L, 264900508L, 
-1337511009L, 848681461L, -2067538804L, 1142482274L, 1537636669L, 
12292535L, -1619782050L, -1632387176L, -1233809669L, -682793319L, 
-239694040L, 901850582L, 1808964322L, -1849102168L, -1495941940L, 
-1963023876L, -1701396558L, 2022287856L, -1863940668L, 1662622552L, 
1741590394L, -676637264L, -1051617860L, -590379948L, -1144928318L, 
-1507694816L, 1252293564L, -81226160L, 828582370L, 1444582760L, 
-817877684L, 1957565692L, 712727282L, 1090304L, 359878260L, -254274552L, 
-2110064198L, -1004194864L, -1310513684L, 781520788L, 1343864530L, 
1022134880L, 2029215052L, 1838014752L, 538279554L, -215632408L, 
-1862290452L, 580475452L, -1587898766L, -311571600L, -1073172188L, 
1502028344L, 1401174426L, -47362608L, -514359876L, 1342555284L, 
-313284478L, 939417024L, 411328316L, 165875856L, 601729826L, 
-2019812856L, 116271372L, 668801436L, 843778578L, 1038286720L, 
-1513198828L, 542953768L, -338274246L, 435706832L, 3141228L, 
-547319244L, 532612754L, 456732000L, -197162676L, 41878496L, 
265580962L, -1518986840L, 1124554380L, -1005089348L, 678593138L, 
-878277648L, 2088530500L, -1650888616L, 274351162L, -1893026704L, 
1858171964L, 1739699476L, 418282178L, -71756064L, -1243239300L, 
-1458218288L, 567740834L, 386161704L, 1220122380L, -1895178820L, 
-876890318L, -216416576L, 1249501236L, -1215955256L, 1821862074L, 
-2034404720L, -849740052L, 351873620L, -2032603502L, -946549472L, 
1713178060L, 1499586272L, -97073982L, -2031797208L, 760718252L, 
-845820228L, 816936946L, -144717264L, 978961316L, 1584250296L, 
559980378L, -606273392L, 1435684732L, 433108244L, 300169538L, 
-1485040384L, -1548250692L, -1125419696L, 494354722L, 142856776L, 
1794741260L, -1122413988L, -123988526L, -767054336L, -621881004L, 
-1311826712L, 1273301242L, -1606235440L, -1603363028L, 1113797876L, 
-1208496750L, -917552800L, -1008201716L, 1769543904L, 1864238690L, 
-328867672L, 1883746380L, 1738639228L, -1087189710L, -689574288L, 
-632264892L, -2043929640L, -1484912774L, 564077616L, 1461282748L, 
-420648364L, -1586223038L, 983242400L, 2002637500L, 1979211728L, 
77693282L, 463899368L, -1097085748L, 441014780L, -1768558094L, 
-837973888L, -1365426700L, -630273400L, -1268799686L, 2020528464L, 
917893228L, 88470932L, -1548696494L, -730426912L, -390872884L, 
-1464759648L, 1332169090L, 922864872L, 272503532L, 2131560764L, 
-1289034638L, 347868784L, 1670383140L, -536217544L, -943971046L, 
465035472L, -1679598276L, -1105018988L, -931819646L, 2110021568L, 
-1381095876L, 593631632L, -2108623838L, -1494820600L, 2137502860L, 
170763036L, -1917376366L, 1771854208L, 2146679828L, 89591592L, 
1154274874L, 5415376L, 630100332L, -167053388L, -1436905966L, 
-1267993632L, -847039028L, -1657875232L, 1518059554L, 1709295400L, 
9627148L, -757849284L, -982961166L, 1472285424L, -899970492L, 
73893464L, -862697670L, -1719884816L, -432081220L, 1728886036L, 
-69300030L, 1003879520L, -1424230020L, -2115442736L, 101198114L, 
2102607528L, -775550068L, -94688068L, -792830158L, 352293440L, 
64513204L, 1813468232L, 1351481786L, 2056228368L, 401799404L, 
-248960684L, 1247094546L, 1366230432L, -1013945652L, 1403397728L, 
-457240638L, 963429160L, 208305580L, -1997266545L, -387899687L, 
704487790L, -997626628L, 2076583533L, 2032661015L, 1189046240L, 
497558462L, -849575541L, -1150651891L, 1429687866L, -1795783048L, 
505908769L, -1050656557L, -531062796L, -1398638462L, -1084722921L, 
161417185L, 246993190L, 228995108L, -1991273771L, 765025919L, 
-1163555048L, -1656570314L, 1385115843L, -1582600955L, 72111266L, 
640608912L, -418736583L, 1474594539L, -883165220L, 811039242L, 
-1543197441L, -891483831L, 1133722334L, 28944524L, 943153245L, 
-1849078169L, 915914640L, 1444762542L, -1031071141L, -1635084739L, 
1474095274L, 180107592L, 1659596145L, 1637075683L, -602070556L, 
1792855314L, -1355751193L, -174524751L, -448172810L, 1151512340L, 
-1957582811L, 297110831L, 424567528L, 1499094982L, 1018061427L, 
1212630229L, -1870444878L, -88056192L, -1637177751L, 700803803L, 
1179899436L, 1304376890L, -2090995473L, -1661092999L, -1796663282L, 
-329876004L, -1223135667L, -201667145L, -1295506624L, -435293666L, 
-1952639765L, -506520467L, -1471685414L, 1938580632L, -1420418303L, 
-282818381L, 226091988L, -1647018270L, -915587209L, 1976173249L, 
-380767674L, -2115175036L, 585540405L, -2116697825L, -2089883528L, 
-908315306L, -1119695901L, -1607367259L, 720758850L, 944219696L, 
298573401L, -166733877L, -882325444L, 2087319146L, 421465247L, 
-24404695L, -610539074L, -237827924L, -1955418627L, -344042169L, 
-1204957648L, 195450702L, -1035498629L, -1285845795L, -1716437750L, 
828426280L, -1073685359L, -572381053L, 233228676L, -1336821838L, 
-198543097L, 502152017L, -721171754L, -1984089164L, 51874757L, 
-378369265L, 43587976L, -1441825626L, -858608557L, -515822155L, 
1394819858L, 1331826912L, 1915589961L, -1140865157L, 245719628L, 
539454426L, -1985969713L, -1857529959L, -296407122L, 1413149884L, 
170265901L, -475693353L, 2146141984L, -1052725122L, 1544836683L, 
1359588429L, -605588870L, -418157896L, 1193418849L, 1033921043L, 
-1435899852L, 1948313154L, -1474153897L, 684261793L, 1111310950L, 
